1.0029739494169942 100.0
1.00175341938118 103.0
1.0024714723802495 106.0
1.0017505281256847 109.0
1.001702128673549 112.0
1.0010065371802421 115.0
1.0003737308514389 118.0
1.0002189223538518 121.0
1.0002769551209423 124.0
1.0002977275602487 127.0
0.9998140256767822 130.0
1.0000496130002574 133.0
0.9996636338236662 136.0
0.9996460687354172 139.0
0.9998785024823116 142.0
1.0007847068562987 145.0
1.0010013807647509 148.0
1.0004501816149567 151.0
1.0006321046442601 154.0
1.0003210508795228 157.0
1.0010959271372981 160.0
1.0011129169788646 163.0
0.9999847968490229 166.0
0.9996906803589953 169.0
0.9999583603582631 172.0
0.9996390871912877 175.0
0.9999484664954681 178.0
0.9994076701317052 181.0
0.9994440261376705 184.0
0.9997959973012337 187.0
0.9997381733267828 190.0
0.9995536376138288 193.0
0.9995680832457594 196.0
0.9995184456699829 199.0
0.9996733813144113 202.0
1.0000045802610014 205.0
0.9998456564833521 208.0
0.9998372683461324 211.0
0.9996226725268909 214.0
1.0003680752484245 217.0
1.000709751726491 220.0
1.0004812141596449 223.0
1.0005235776953543 226.0
1.0003337447948222 229.0
1.0002767035504934 232.0
1.0002184617432328 235.0
1.0000585224430432 238.0
1.000228743029951 241.0
0.9999985251345402 244.0
1.000199850336076 247.0
1.0000366404918068 250.0
0.9999771368227904 253.0
1.0001873998846482 256.0
1.000532829587013 259.0
1.000629702680879 262.0
1.000631311919585 265.0
1.000531330243973 268.0
1.0003399076791415 271.0
1.0004178780981672 274.0
1.0006615673378079 277.0
1.0009275974495693 280.0
1.0005932880362174 283.0
1.0009273413854916 286.0
1.0011607976676273 289.0
1.0008881026733554 292.0
1.0015364988071602 295.0
1.0014204587219606 298.0
1.0014663292876265 301.0
1.0018090384960414 304.0
1.0014215537104019 307.0
1.0018608181042414 310.0
1.0013108613987762 313.0
1.001525352071745 316.0
1.001513086055827 319.0
1.000661492059626 322.0
1.0011761929504528 325.0
1.0004454429459357 328.0
1.0003544861225917 331.0
1.0009614023856557 334.0
1.0008703592725212 337.0
1.0002551766001648 340.0
1.0005696812129774 343.0
1.0004542913095156 346.0
1.0005255166893878 349.0
1.0004450477389975 352.0
1.000259439511203 355.0
1.0001759943120776 358.0
1.0002310412306497 361.0
1.000032169331361 364.0
1.0006953959223233 367.0
1.0004974698682492 370.0
1.000288143540735 373.0
1.0006339199600391 376.0
1.0002947842265981 379.0
1.0006662576531045 382.0
1.000912867714851 385.0
1.0009780107290323 388.0
1.0012283289949613 391.0
1.000575541338066 394.0
1.001004791520624 397.0
1.0009569735629582 400.0
1.0014406428559055 403.0
1.00149473161712 406.0
1.0011741179845741 409.0
1.0017162357452474 412.0
1.001704878530183 415.0
1.0016972719624322 418.0
1.0010173519744316 421.0
1.000793891553271 424.0
1.0010816955587398 427.0
1.0006518331992629 430.0
1.0007403160126478 433.0
1.0001725609974146 436.0
1.0005779607842635 439.0
1.0003698000544239 442.0
1.0006503866851306 445.0
1.0007504798147282 448.0
1.0007743143494736 451.0
1.0010432803520446 454.0
1.0010600907968408 457.0
1.0013126004826942 460.0
1.000862797359266 463.0
1.001233871569227 466.0
1.0011495094182745 469.0
1.0012688176525093 472.0
1.0011228675864807 475.0
1.0009918667444022 478.0
1.0010464672343948 481.0
1.0011020471246588 484.0
1.0008159778315566 487.0
1.000678172253658 490.0
1.000649963034985 493.0
1.0011255328323756 496.0
1.0007338339773846 499.0
1.0008601186127477 502.0
1.0007398547716995 505.0
1.00064188491823 508.0
1.0007163385498523 511.0
1.0007668763444404 514.0
1.0006753849657257 517.0
1.0007423414242984 520.0
1.0007243259016554 523.0
1.000751719302883 526.0
1.0008864956112704 529.0
1.0009940831288566 532.0
1.0009459578521729 535.0
1.0009408018273191 538.0
1.0008247166340696 541.0
1.0006636297602345 544.0
1.0007447427034468 547.0
1.000819023530701 550.0
1.0009543773053005 553.0
1.0008993806548097 556.0
1.0009723016710868 559.0
1.0010301082768363 562.0
1.0010681923685427 565.0
1.0011081840699838 568.0
1.0011274026360513 571.0
1.0011056885452487 574.0
1.0011153611186623 577.0
1.0010350498793343 580.0
1.0010019209159555 583.0
1.0008512423987586 586.0
1.0007699586207464 589.0
1.0006292216453767 592.0
1.0006075103871936 595.0
1.000580285284642 598.0
1.0005764224778821 601.0
1.0006757104480404 604.0
1.0006961933084222 607.0
1.0006421855698155 610.0
1.0005717039187105 613.0
1.0005690753738548 616.0
1.0005126934280095 619.0
1.0006398219812216 622.0
1.000599000591173 625.0
1.000645654977591 628.0
1.000728374968479 631.0
1.000745664249954 634.0
1.0008895263992537 637.0
1.0010092456725868 640.0
1.0009941427289288 643.0
1.001015036555946 646.0
1.0011033839553105 649.0
1.0010048970338983 652.0
1.000904849594819 655.0
1.0007976936241063 658.0
1.0007790232936968 661.0
1.0007691044881317 664.0
1.0007350621332545 667.0
1.0007613456654918 670.0
1.0007473765066082 673.0
1.0007446504066508 676.0
1.0008503539714637 679.0
1.0009333283787736 682.0
1.0009803880442232 685.0
1.0010404216146944 688.0
1.0011249133860955 691.0
1.0011770122384414 694.0
1.0011016004644089 697.0
1.0011510636755319 700.0
1.00111399097266 703.0
1.000972838480206 706.0
1.000995846513288 709.0
1.0010932128809698 712.0
1.0010526526166754 715.0
1.0010728744423847 718.0
1.001119721947043 721.0
1.0009864546382912 724.0
1.0010758204801902 727.0
1.0009668426122336 730.0
1.000965349962698 733.0
1.0010897586491525 736.0
1.0010066440378405 739.0
1.001029810588212 742.0
1.0008665638683996 745.0
1.0008236969000492 748.0
1.0007674711243888 751.0
1.0006826861616644 754.0
1.0005471097142045 757.0
1.000569406705207 760.0
1.0005973900064935 763.0
1.0006013858099463 766.0
1.0005644424532958 769.0
1.0006662032964266 772.0
1.0006874765808103 775.0
1.0007638460915793 778.0
1.0008162948537247 781.0
1.000763884135939 784.0
1.000639502135115 787.0
1.0005977449169114 790.0
1.0006458358131483 793.0
1.000646272228152 796.0
1.000661374453947 799.0
1.0005971926389703 802.0
1.0005275005114627 805.0
1.0005850326734487 808.0
1.0006513592688284 811.0
1.0006267020435764 814.0
1.0005430033073517 817.0
1.0005147922768556 820.0
1.0005052192478356 823.0
1.0004538123784958 826.0
1.0004237068360862 829.0
1.000408185587955 832.0
1.000506040256792 835.0
1.0005138793424349 838.0
1.0005296322921862 841.0
1.0005618930381204 844.0
1.0004514015839123 847.0
1.0004571933057422 850.0
1.000358566759802 853.0
1.0003451680461926 856.0
1.000337864220923 859.0
1.000310364927507 862.0
1.000301538249281 865.0
1.0003508194835338 868.0
1.0002593015090346 871.0
1.0002772280265846 874.0
1.00032399304496 877.0
1.0003430070181991 880.0
1.000337807614215 883.0
1.0003312997632532 886.0
1.0003577924263558 889.0
1.000408955212057 892.0
1.0004144931586387 895.0
1.0003583576134976 898.0
1.0003750509264797 901.0
1.000298755927719 904.0
1.0002968546349849 907.0
1.0003274641107753 910.0
1.0004013831652803 913.0
1.0003546776846015 916.0
1.0002256346500638 919.0
1.0001735694517842 922.0
1.0001511230930478 925.0
1.0001125304122207 928.0
1.0000855533487616 931.0
1.000073687262866 934.0
1.000036094033666 937.0
1.000089514218938 940.0
1.0000853199780424 943.0
1.0001172404966898 946.0
1.0001107496063588 949.0
1.000118427174922 952.0
1.0001165009809125 955.0
1.0000962053126266 958.0
1.0000883505806641 961.0
1.0000466838995603 964.0
1.0000993944063377 967.0
1.0000545245951136 970.0
1.0000427347199212 973.0
1.000031809124298 976.0
1.0000344798593719 979.0
1.000088179412983 982.0
1.0001010050124255 985.0
1.0000968217253756 988.0
